.pt <- 1 / 0.352777778
.stroke <- 96 / 25.4
