.pt <- 1 / 0.352777778
